cep
01029901
01227200
01251000
01255010
01308040
01311914
01332906
01416902
01426040
01501001
01543000
01546120
02072001
02084150
02119020
02123005
02131040
02138000
02140030
02147015
02190080
02201020
02207080
02209150
02216060
02217020
02221140
02224010
02227310
02248001
02280105
02320160
02354240
02357100
02360281
02371020
02375170
02408000
02417122
02420030
02435010
02441070
02467103
02468075
02472050
02514050
02516040
02545120
02551110
02672010
02757100
02759040
02765080
02831040
02832210
02871040
02873011
02882140
02916010
02932010
02966000
02968010
02990325
02994060
02997001
03124070
03152030
03164120
03165901
03169901
03192010
03223000
03251090
03254210
03265140
03268070
03272040
03273120
03324080
03366000
03382040
03385060
03408029
03427010
03433000
03441010
03451000
03505020
03516060
03541005
03551060
03570310
03572170
03574060
03579280
03581190
03583100
03607040
03644003
03651040
03688130
03693040
03711007
03712040
03716100
03721036
03807160
03813390
03906080
03908010
03908020
03934075
03938171
03940070
03977170
03983110
03986050
03987100
04012902
04020041
04023020
04030060
04042010
04052040
04064004
04087907
04152000
04164130
04181120
04182900
04193000
04213020
04236060
04236080
04236260
04283050
04289090
04294040
04318100
04327055
04334150
04339020
04339130
04378000
04384120
04412070
04417070
04431091
04433150
04437060
04455340
04455410
04459320
04468000
04531907
04531929
04533013
04538132
04564050
04566060
04640010
04650180
04671330
04696000
04696020
04705090
04710000
04730080
04736010
04770200
04795913
04822270
04832160
04840350
04844390
04844565
04845190
04848130
04851430
04852503
04856020
04858230
04865090
04866175
04895041
04930170
04962130
05061906
05065902
05089050
05119090
05125001
05136230
05145901
05159360
05180020
05181490
05183180
05183270
05183290
05184000
05223060
05268190
05273010
05315000
05327020
05328105
05376180
05388060
05388150
05422080
05435050
05447190
05451010
05463040
05515030
05520300
05528350
05528380
05546140
05574280
05574410
05583120
05586000
05588000
05593020
05657225
05711160
05716130
05750070
05762260
05763380
05805030
05820110
05821110
05831010
05833030
05857550
05866160
05883260
06018010
06028080
06030130
06030314
06038090
06038270
06045150
06045180
06070260
06070340
06093902
06097060
06124190
06124270
06124320
06126000
06145100
06150270
06160002
06192000
06226250
06240210
06273970
06351430
06355010
06355469
06360280
06361170
06365675
06380170
06381310
06386060
06410040
06413040
06422005
06447070
06503115
06506087
06514135
06516215
06528110
06537115
06542040
06543085
06612005
06620030
06622020
06624020
06624300
06657430
06665120
06683000
06683525
06700170
06702335
06704762
06706205
06708170
06709660
06716240
06716580
06719660
06720150
06721507
06726465
06726670
06727186
06729990
06754904
06756430
06766400
06767010
06773330
06785525
06787595
06803005
06803903
06805240
06806025
06807040
06807817
06814165
06814555
06820060
06835020
06835516
06843463
06851360
06859090
06866200
06867520
06880101
06886505
07021010
07025130
07031180
07031240
07031280
07032310
07033252
07042160
07050170
07052130
07053010
07075125
07075161
07075430
07083110
07083350
07084320
07094070
07096130
07096232
07122091
07130450
07130543
07131130
07133060
07135383
07140340
07142060
07142680
07144430
07150050
07151760
07152211
07152560
07154210
07160222
07160240
07161456
07172330
07176458
07177010
07178700
07179333
07195030
07197190
07224030
07224050
07230620
07252160
07262540
07263100
07263737
07272050
07272260
07400790
07411440
07432435
07434535
07435705
07700050
07703000
07713305
07749155
07756600
07776435
07786450
07786770
07787330
07790485
07791842
07810160
07832290
07834950
07845210
07902200
07930100
07942250
07996100
08010350
08020070
08021227
08030000
08042190
08050260
08051350
08080096
08090390
08122415
08141004
08142377
08143015
08151170
08160440
08190090
08220041
08253390
08255070
08260180
08270140
08270150
08275370
08280350
08340130
08370390
08420400
08460151
08473380
08473465
08473526
08490627
08507032
08511060
08515100
08526040
08537060
08545210
08557260
08559430
08560030
08561500
08563660
08565310
08572680
08573070
08577680
08581070
08581300
08583680
08585020
08587819
08590035
08598412
08599480
08610100
08613530
08615540
08616876
08630440
08633744
08655760
08665305
08671035
08673100
08676010
08676400
08690425
08690780
08690896
08692015
08717050
08720350
08737210
08745130
08762470
08770210
08771321
08771600
08773060
08774150
08775070
08775395
08830120
08830650
08830660
08832030
09050070
09071460
09071487
09090503
09090506
09111720
09130210
09160354
09171834
09175700
09175810
09185700
09190440
09190720
09210580
09220160
09230030
09240700
09250355
09272386
09272434
09320771
09321460
09340350
09340550
09350570
09361174
09361190
09370210
09400080
09400110
09401090
09402190
09405250
09424150
09432535
09436290
09445200
09520440
09530740
09550051
09572110
09580540
09625000
09633000
09663010
09725110
09732220
09732570
09765620
09772000
09790450
09791255
09820270
09830220
09832080
09840450
09843230
09890320
09891570
09896240
09896280
09910030
09932150
09941050
09952395
09960503
09962630
09971370
09972425
09980243
09980791
09981110
09990104
11010120
11013230
11013570
11015501
11025020
11030170
11040310
11045901
11060430
11081420
11090050
11095550
11330770
11340370
11347710
11348390
11365000
11390080
11390590
11445450
11461540
11500170
11523150
11535080
11542090
11570000
11661210




